 1. 900 100
 1.1 900 100
 1.2 900 100
 1.3 278 32
 1.4 8 0
 1.5 884 100
 1.6 880 100
 1.7 878 100
 1.8 870 98
 1.9000000000000001 860 100
 2. 812 96
 2.1 802 100
 2.2 556 72
 2.3000000000000003 196 26
 2.4 606 82
 2.5 106 16
 2.6 104 14
 2.7 116 12
 2.8000000000000003 106 22
 2.9 166 16
 3. 68 6
 3.1 86 18
 3.2 2 0
 3.3000000000000003 88 10
 3.4000000000000004 84 10
 3.5 34 10
 3.6 8 6
 3.7 8 2
 3.8000000000000003 220 32
 3.9000000000000004 66 14
 4. 42 4
 4.1000000000000005 0 4
 4.2 40 8
 4.3 14 12
 4.4 32 12
 4.5 38 22
 4.6000000000000005 22 0
 4.7 2 6
 4.8 30 2
 4.9 20 10
 5. 52 10
 5.1000000000000005 44 8
 5.2 12 10
 5.3 18 6
 5.4 40 8
 5.5 34 10
 5.6000000000000005 52 6
 5.7 4 6
 5.800000000000001 40 12
 5.9 8 2
 6. 20 0
 6.1000000000000005 40 10
 6.2 24 4
 6.300000000000001 90 20
 6.4 74 14
 6.5 54 18
 6.6000000000000005 14 4
 6.7 24 6
 6.800000000000001 30 16
 6.9 72 8
 7. 32 10
 7.1000000000000005 38 8
 7.2 72 8
 7.300000000000001 64 26
 7.4 22 2
 7.5 40 10
 7.6000000000000005 54 8
 7.7 44 4
 7.800000000000001 14 16
 7.9 58 20
 8. 30 6
 8.1 42 14
 8.200000000000001 58 8
 8.3 2 4
 8.4 30 26
 8.5 16 4
 8.6 24 14
 8.700000000000001 66 14
 8.8 30 18
 8.9 84 26
 9. 20 4
 9.1 32 2
 9.200000000000001 16 2
 9.3 24 4
 9.4 22 6
 9.5 28 8
 9.6 60 14
 9.700000000000001 56 14
 9.8 70 10
 9.9 4 2
 10. 0 6
 10.1 0 6
 10.200000000000001 118 30
 10.3 34 6
 10.4 4 6
 10.5 8 8
 10.600000000000001 8 4
 10.700000000000001 4 2
 10.8 108 22
 10.9 8 2
 11. 0 8
