          50   2.5058598399999998     
          49   2.5048689610256960     
          48   2.5018491124260356     
          47   2.4924081307590753     
          46   2.5029951584465633     
          45   2.5122840243152789     
          44   2.5124036859641814     
          43   2.5206988896647511     
          42   2.5214691897562638     
          41   2.5328013253050727     
          40   2.5400444444444443     
          39   2.5400329239661210     
          38   2.5338955475836498     
          37   2.5438740056551907     
          36   2.5553598403930664     
          35   2.5468911592731347     
          34   2.5324559983337847     
          33   2.5346542259361153     
          32   2.5426958489481688     
          31   2.5518836732728429     
          30   2.5536982923781757     
          29   2.5579627731042271     
          28   2.5585830332647461     
          27   2.5622401049417109     
          26   2.5554348052275127     
          25   2.5526526419753086     
          24   2.5429041558919896     
          23   2.5299965655887351     
          22   2.5346394180789567     
          21   2.5366286401304277     
          20   2.5406441406250000     
          19   2.5374126405586153     
          18   2.5384823769596934     
          17   2.5377832898892483     
          16   2.5252752839609012     
          15   2.5233192322888853     
          14   2.5231970945369442     
          13   2.5209962562071082     
          12   2.5175481097602623     
          11   2.5250185437271839     
          10   2.5320752324340803     
           9   2.5330927566987604     
           8   2.5357426181295808     
           7   2.5382989479568407     
           6   2.5445181252626963     
           5   2.5470302898228221     
           4   2.5365625075352045     
           3   2.5301459976840883     
           2   2.5226671744610090     
           1   2.4838026966195708     
          50   2.3474240000000002     
          49   2.3429926176620621     
          48   2.3196054059731801     
          47   2.3123922356571165     
          46   2.3123803959423528     
          45   2.3141161396079504     
          44   2.3109462854019158     
          43   2.3022526238866403     
          42   2.3073530888006322     
          41   2.3061291150771197     
          40   2.3295938271604939     
          39   2.3341113768387198     
          38   2.3349325570290227     
          37   2.3566143533269712     
          36   2.3598365783691406     
          35   2.3626783936136690     
          34   2.3723854708703191     
          33   2.3888923598840979     
          32   2.3952890590390439     
          31   2.4053381547661039     
          30   2.4007873386089131     
          29   2.3745418101226754     
          28   2.3604895404663924     
          27   2.3385999153961685     
          26   2.3328766845537818     
          25   2.3350907575308644     
          24   2.3295051258047437     
          23   2.3356494534854040     
          22   2.3490003635277494     
          21   2.3539639879054421     
          20   2.3536035156250001     
          19   2.3565443230856076     
          18   2.3625230513125492     
          17   2.3667941602906684     
          16   2.3706383914109863     
          15   2.3748866225260712     
          14   2.3784600215104654     
          13   2.3777993592956341     
          12   2.3825494330988319     
          11   2.3879932978485736     
          10   2.3866047248894984     
           9   2.3786671493695781     
           8   2.3745314303479477     
           7   2.3698694025299125     
           6   2.3670987919087332     
           5   2.3663526952678384     
           4   2.3670671251085071     
           3   2.3513957037559132     
           2   2.3336979888811427     
           1   2.2913935068291611     
          50   1.9186502400000001     
          49   1.8945534655954790     
          48   1.8669470606771472     
          47   1.8520599694746112     
          46   1.8323021746534423     
          45   1.8170235366436718     
          44   1.8059093216368181     
          43   1.7833421955909250     
          42   1.7825263226355579     
          41   1.8196538833826936     
          40   1.8222049382716050     
          39   1.8255258022968774     
          38   1.8431229501007558     
          37   1.8638772736122435     
          36   1.8818902969360352     
          35   1.8959044291166276     
          34   1.9083832312607669     
          33   1.9134314661700458     
          32   1.9000865051903115     
          31   1.8862508829418609     
          30   1.8887020408163264     
          29   1.8705992728304750     
          28   1.8392066996265812     
          27   1.8265145718004154     
          26   1.8134526596167566     
          25   1.8296604444444444     
          24   1.8434087752549475     
          23   1.8560588541969953     
          22   1.8590210426805784     
          21   1.8786303422578248     
          20   1.9080140624999999     
          19   1.9109784691846796     
          18   1.9219657111836421     
          17   1.9212240357175721     
          16   1.9252783690951816     
          15   1.9211570934256055     
          14   1.9112531703366180     
          13   1.8992453119153352     
          12   1.8950958033092002     
          11   1.8829114344194369     
          10   1.8673023014784331     
           9   1.8502630573862084     
           8   1.8186436672967863     
           7   1.7913619535625604     
           6   1.7653491590946211     
           5   1.7505706555351785     
           4   1.7417203173225309     
           3   1.7227253997465539     
           2   1.6860853045924742     
           1   1.6098144109509678     
          50  0.38671295999999999     
          49  0.39022181306955994     
          48  0.37970046566996951     
          47  0.36897940695884068     
          46  0.36613001255078176     
          45  0.35919229560822347     
          44  0.35977359693877553     
          43  0.36567408434311438     
          42  0.37283342829794663     
          41  0.37661616254562358     
          40  0.37882716049382714     
          39  0.38082619900084075     
          38  0.36523046037935247     
          37  0.35925004829250828     
          36  0.34925842285156250     
          35  0.34787857568012326     
          34  0.35692786450362207     
          33  0.36048461026064010     
          32  0.36838190395229942     
          31  0.38218545707679419     
          30  0.39863157017909207     
          29  0.40756599297779633     
          28  0.42561216373266270     
          27  0.44529412930892442     
          26  0.46371923223244960     
          25  0.48275797333333331     
          24  0.50515026357992954     
          23  0.53123435323845813     
          22  0.55686734608749477     
          21  0.58028944792181558     
          20  0.59594101562500001     
          19  0.59720479058091325     
          18  0.58432392194527416     
          17  0.57555373693055845     
          16  0.57406636123837285     
          15  0.57468949844949180     
          14  0.57616171575941388     
          13  0.58455625255619414     
          12  0.58415152653507274     
          11  0.57721942064517584     
          10  0.58013101661332112     
           9  0.58777567514766793     
           8  0.58011603017427749     
           7  0.57539485790566891     
           6  0.56928624022758867     
           5  0.55493496827065480     
           4  0.52265101303288963     
           3  0.47542561652567811     
           2  0.41083959359568528     
           1  0.27850571646659245     
          50  0.11415744000000000     
          49  0.12630622504785888     
          48  0.12340910682399076     
          47  0.11373451124209032     
          46  9.95505615863284954E-002
          45  9.14477426405300164E-002
          44  6.66454081632653073E-002
          43  4.37945202922962948E-002
          42  3.26100941492843688E-002
          41  3.72190776523039987E-002
          40  3.97111111111111137E-002
          39  2.51684964459724762E-002
          38  3.11606341382599863E-002
          37  3.13290307771345311E-002
          36  4.46510314941406250E-002
          35  4.60994502993592667E-002
          34  5.99068150407995118E-002
          33  6.09377513042574648E-002
          32  5.88048215418876669E-002
          31  7.12858946665524962E-002
          30  7.78149104539775094E-002
          29  9.34643009252319884E-002
          28  0.10455306450998324     
          27  0.11411368753437932     
          26  0.11521888994595449     
          25  0.13165040197530864     
          24  0.13794447940086402     
          23  0.13494377342773844     
          22  0.13059745202060480     
          21  0.13521525154209563     
          20  0.13003164062500000     
          19  0.12581829403452124     
          18  0.11864635756527180     
          17  0.11124255744319315     
          16  0.11033307880975519     
          15  9.60425090695753159E-002
          14  0.10077692442467404     
          13  8.86633302589619754E-002
          12  5.72386619766409380E-002
          11  4.05798065134460179E-002
          10  2.73937509525986889E-002
           9  2.66557935045708605E-003
           8  1.75858791242169653E-002
           7  4.96238490155250025E-002
           6  8.33501206328856326E-002
           5  0.13207493496827066     
           4  0.17874635296103394     
           3  0.24899057973824501     
           2  0.36393936234746005     
           1  0.54827940624071503     
          50  4.08281600000000022E-002
          49  2.65736376494948197E-002
          48  3.29645320541997813E-002
          47  3.09845496111073593E-002
          46  1.82677851351325908E-002
          45  6.31803838535619118E-003
          44  5.96268481882548940E-003
          43  1.59075392281603605E-002
          42  2.09566636174306972E-002
          41  6.35583936139230352E-003
          40  1.69753086419753086E-003
          39  2.50688997511960441E-003
          38  5.67068859289610126E-003
          37  1.58255962164827299E-004
          36  9.79995727539062500E-003
          35  1.04994082840236692E-002
          34  1.86045276203052300E-002
          33  2.03285961113528132E-002
          32  3.62184360819434656E-002
          31  3.32191723862946681E-002
          30  4.66513952519783393E-002
          29  4.46652073115509363E-002
          28  4.23834971803078789E-002
          27  2.92737145233748809E-002
          26  2.14387931453060877E-002
          25  1.02874390123456790E-002
          24  3.62854029665211301E-003
          23  8.93151747525911086E-004
          22  1.03812891705472501E-002
          21  3.12548002146645076E-002
          20  2.88812500000000007E-002
          19  3.32652282621015427E-002
          18  2.83770460417565387E-002
          17  1.91507828521788638E-002
          16  1.12915914665185808E-002
          15  8.77468421115647559E-003
          14  1.52431364095190099E-002
          13  2.15150312810695778E-002
          12  2.97342970937777458E-002
          11  3.78747549039569684E-002
          10  3.82716049382716070E-002
           9  5.74605503603567505E-002
           8  7.12576516664820414E-002
           7  8.13429804165622106E-002
           6  0.11300103428892176     
           5  0.14700531763875355     
           4  0.19096920814043211     
           3  0.25935650601296534     
           2  0.34373111925285887     
           1  0.53547270095365063     
          50  4.07577599999999970E-002
          49  4.04357534979374600E-002
          48  3.30214278211547196E-002
          47  9.41400150383734508E-003
          46  1.79446072094550484E-002
          45  4.44050542995697017E-002
          44  5.73979591836734707E-002
          43  5.16943869179246965E-002
          42  6.59027317289733461E-002
          41  6.89995948787859026E-002
          40  5.36777777777777756E-002
          39  5.35981165752228428E-002
          38  6.21466647753543266E-002
          37  4.64918309643501323E-002
          36  3.26471328735351563E-002
          35  3.26585763803788412E-002
          34  1.67568075782450927E-002
          33  1.33434264029281546E-002
          32  3.72615869062870447E-002
          31  3.49571963726668239E-002
          30  3.10510620574760525E-002
          29  2.33494588571295236E-002
          28  2.11601937585733889E-002
          27  2.01105061401514254E-002
          26  1.92502138290146889E-002
          25  8.64818567901234556E-003
          24  1.76727081590841075E-003
          23  1.98844816868048481E-003
          22  9.59252905088135016E-003
          21  4.96715269988783851E-003
          20  6.75625000000000010E-003
          19  1.44378941197402695E-002
          18  1.15314954095551599E-002
          17  8.33982306285129676E-003
          16  1.62255567381903616E-002
          15  2.48152967517151386E-002
          14  3.49927503823708949E-002
          13  3.99826942898225748E-002
          12  4.02294925210026633E-002
          11  3.87687459234999296E-002
          10  3.14382563633592432E-002
           9  2.65581339521286791E-002
           8  3.17130977948191992E-002
           7  6.01334925896395908E-002
           6  7.74920532715150795E-002
           5  9.94436322618764412E-002
           4  0.13087727111062886     
           3  0.18585545724696442     
           2  0.29756335040879989     
           1  0.50702111494300295     
          50  2.16000000000000011E-002
          49  1.38947830227069379E-002
          48  8.95451839921571416E-003
          47  1.72268331930588263E-002
          46  1.90388020495219600E-002
          45  1.28078683150058062E-002
          44  3.04235214493960872E-004
          43  1.34488429851418161E-002
          42  1.42560029182177955E-002
          41  1.98145454278369701E-002
          40  1.46345679012345672E-002
          39  9.70630819753021817E-003
          38  8.31004384307449349E-003
          37  2.12840620883908739E-002
          36  2.98500061035156250E-002
          35  5.22404677707363208E-002
          34  6.68100994922933289E-002
          33  6.85388668947995439E-002
          32  5.38868967086122072E-002
          31  3.42509752341287610E-002
          30  1.91346938775510192E-002
          29  2.30746639704787725E-002
          28  1.69491121780216414E-002
          27  1.07021769411704062E-002
          26  1.14887408285627539E-002
          25  2.01042488888888878E-002
          24  1.68698828277867724E-002
          23  1.74164733002757852E-002
          22  1.65251674886024748E-002
          21  1.82327477059675419E-002
          20  1.53765624999999996E-002
          19  4.25911650738740322E-003
          18  8.19327961565043811E-003
          17  1.97617610618799596E-003
          16  4.40917107583774226E-003
          15  1.05226901018905424E-002
          14  8.88981253954237126E-003
          13  3.78746561711088307E-003
          12  1.27486062256676452E-002
          11  1.42201328129162620E-002
          10  2.72367017222984314E-002
           9  2.43384170499200136E-002
           8  2.43406077022309091E-002
           7  4.22363011898063065E-002
           6  4.87942244585250554E-002
           5  7.98219657614659128E-002
           4  0.12931315104166666     
           3  0.18575133350512585     
           2  0.28816883705092333     
           1  0.49726117434112599     
          50  7.93497600000000053E-002
          49  4.46622354605576422E-002
          48  3.40739995098210818E-002
          47  3.16564985075054386E-002
          46  2.74212000955891613E-002
          45  1.13756164196434674E-002
          44  1.20652852977925860E-002
          43  2.48823394389598856E-002
          42  2.97643369467015216E-002
          41  3.12331208090606514E-002
          40  1.25543209876543202E-002
          39  4.36152632404199908E-003
          38  8.52498210652491949E-003
          37  5.33867886805534497E-003
          36  8.25595855712890625E-003
          35  8.06134238997233967E-005
          34  1.33290919040981656E-002
          33  3.70897480095524210E-003
          32  5.08779229175895884E-003
          31  2.34676913755390466E-002
          30  2.92979591836734707E-002
          29  1.36436861457532067E-002
          28  4.43137002743484217E-003
          27  1.11537189926657777E-002
          26  1.28558859137502066E-002
          25  1.59982933333333334E-002
          24  7.41246614129725812E-003
          23  4.06394428294269087E-003
          22  3.63743877626444747E-004
          21  3.60060868679579898E-003
          20  1.57910156250000017E-002
          19  2.39551579317737115E-002
          18  1.07041961439767914E-002
          17  1.65313265085800243E-002
          16  1.73243144574534262E-002
          15  2.12095353264448450E-002
          14  2.34988816254587500E-002
          13  2.40772517797726536E-002
          12  1.14490130455569966E-002
          11  9.13550410161473141E-003
          10  2.78000304831580542E-003
           9  8.01245807489412917E-003
           8  1.98532380887718393E-002
           7  4.05520466417836345E-002
           6  4.28757023256233355E-002
           5  4.44655888153098894E-002
           4  7.27531527295524755E-002
           3  0.13956568787676024     
           2  0.23340701613117262     
           1  0.44160605039365092     
          50  2.32217600000000010E-002
          49  1.33672303306287578E-002
          48  1.91257308917754977E-003
          47  8.78096024817751931E-003
          46  5.40323384910084119E-003
          45  1.39614507205791955E-002
          44  1.03911781549354439E-002
          43  6.45670647435520311E-003
          42  9.65422512410201925E-003
          41  3.19533271312128116E-003
          40  6.66666666666666709E-003
          39  1.43520353873773359E-002
          38  9.34981446009349078E-003
          37  2.13171352357185429E-002
          36  1.71136856079101563E-002
          35  1.57867861769545870E-002
          34  1.39975597025434242E-002
          33  3.01740037191975579E-003
          32  7.02368266663473857E-003
          31  1.52449885453031283E-003
          30  7.01541024573094506E-004
          29  1.22307138988561985E-002
          28  2.74884259259259266E-003
          27  4.54778167422411825E-003
          26  1.17775367217650990E-002
          25  6.50179950617283970E-003
          24  5.92910965999340119E-003
          23  4.40730006829281179E-003
          22  7.63981013563777914E-003
          21  1.26955063328366372E-002
          20  1.90171875000000011E-002
          19  2.74492452049948221E-003
          18  1.29452738572016536E-002
          17  7.03655318948177670E-003
          16  9.53756408080995086E-003
          15  5.77567797320434340E-003
          14  1.14725893668569771E-002
          13  8.27947248723903684E-003
          12  2.82490096304897215E-003
          11  3.16050234801144555E-003
          10  2.82054564852918764E-003
           9  2.38658538938141002E-003
           8  4.23075067627688619E-003
           7  3.14461423611441110E-002
           6  5.01869384494601153E-002
           5  6.75900277008310291E-002
           4  8.25103006245177517E-002
           3  0.12206205537803927     
           2  0.22749289177544896     
           1  0.43164079975722575     
          50  8.75558399999999959E-002
          49  8.68909881613273566E-002
          48  0.10846959140086132     
          47  0.14408234428294042     
          46  0.14403198097248801     
          45  0.13113759989071785     
          44  0.14244227665556020     
          43  0.11234311175226300     
          42  8.22003560112600229E-002
          41  7.65366320273861561E-002
          40  6.05444444444444424E-002
          39  5.53025995315127514E-002
          38  3.86564030487666216E-002
          37  1.58108053463726604E-002
          36  1.28641128540039063E-002
          35  9.20942544028570398E-003
          34  4.91200509983379975E-003
          33  1.78625298314669459E-002
          32  1.25881514828605975E-002
          31  1.57435079646859439E-003
          30  2.94877134527280317E-003
          29  9.19644001512532824E-003
          28  7.57137345679012325E-003
          27  2.55086221713520921E-003
          26  1.64811080798287872E-002
          25  1.01222716049382717E-002
          24  3.50768487043530983E-003
          23  4.93442373875989816E-003
          22  1.04280809409014533E-002
          21  1.16635444224108282E-002
          20  1.20003906249999993E-002
          19  2.71228556525826905E-003
          18  7.81833637027335229E-003
          17  1.99705547948061633E-002
          16  2.30347051897100488E-002
          15  1.38391254893978754E-002
          14  2.13286032149867730E-002
          13  1.34279491932249462E-002
          12  9.20067148760330550E-003
          11  1.64673748264745602E-004
          10  7.48300563938423982E-004
           9  9.85807341545553301E-003
           8  1.96986860395724711E-003
           7  9.36523116888623823E-003
           6  2.69881883672313840E-002
           5  3.89924448093553616E-002
           4  6.82508680555555525E-002
           3  0.10683671993224479     
           2  0.20043844531667268     
           1  0.40264139760480577     